# radius [arcsec] intensity [Jy/beam] standard deviation [Jy/beam]
1.466063968837050084e-02 -2.178398608521092683e-05 6.613754521822556853e-05
4.398191906511150079e-02 -4.886309397988952696e-05 1.237482210854068398e-04
7.330319844185249900e-02 -6.781029514968395233e-05 1.375244173686951399e-04
1.026244778185935042e-01 -6.431726797018200159e-05 1.136604478233493865e-04
1.319457571953344954e-01 -4.308977440814487636e-05 1.163254055427387357e-04
1.612670365720755006e-01 -4.097235068911686540e-05 1.669638877501711249e-04
1.905883159488165057e-01 -2.214462074334733188e-05 2.431568136671558022e-04
2.199095953255575109e-01 -2.600676270958501846e-05 3.279203083366155624e-04
2.492308747022984883e-01 5.099978466205357108e-07 3.690556332003325224e-04
2.785521540790394934e-01 -3.229539743188070133e-06 3.725623537320643663e-04
3.078734334557804986e-01 2.238695196865592152e-05 3.395349485799670219e-04
3.371947128325215037e-01 7.455787908838829026e-06 3.017328563146293163e-04
3.665159922092625089e-01 1.738784885674249381e-05 2.705091610550880432e-04
3.958372715860035140e-01 7.811600880813784897e-06 2.422157558612525463e-04
4.251585509627445192e-01 -4.377068307803710923e-06 1.933546882355585694e-04
4.544798303394855243e-01 -1.817043994378764182e-05 1.373655541101470590e-04
4.838011097162265295e-01 -2.097831929859239608e-05 9.637163020670413971e-05
5.131223890929674791e-01 -1.185007477033650503e-05 9.254890755983069539e-05
5.424436684697084843e-01 -1.208518278872361407e-05 1.103967733797617257e-04
5.717649478464494894e-01 1.578338810759305488e-06 1.346921635558828712e-04
6.010862272231904946e-01 6.529815436806529760e-06 1.332367828581482172e-04
6.304075065999314997e-01 2.314626181032508612e-05 1.184433713206090033e-04
6.597287859766725049e-01 2.479621434758882970e-05 9.127932571573182940e-05
6.890500653534135100e-01 2.812888305925298482e-05 7.903167715994641185e-05
7.183713447301545152e-01 2.318097540410235524e-05 7.187492883531376719e-05
7.476926241068955203e-01 1.441810036340029910e-05 7.047558756312355399e-05
7.770139034836365255e-01 5.115953172207809985e-06 6.813911022618412971e-05
8.063351828603775306e-01 -2.304795998497866094e-07 7.286463369382545352e-05
8.356564622371185358e-01 -6.499580194940790534e-06 7.677437679376453161e-05
8.649777416138595409e-01 -7.811348041286692023e-06 7.870915578678250313e-05
8.942990209906005461e-01 -7.174494840000988916e-06 7.886797538958489895e-05
9.236203003673415513e-01 -6.059573024685960263e-06 8.027469448279589415e-05
9.529415797440825564e-01 -7.034465852484572679e-06 8.173324022209271789e-05
9.822628591208235616e-01 -6.586305516975698993e-06 7.962586823850870132e-05
1.011584138497564567e+00 -7.929815183160826564e-06 7.639339310117065907e-05
1.040905417874305350e+00 -7.540142632933566347e-06 7.383179035969078541e-05
1.070226697251046577e+00 -7.692885446886066347e-06 6.995137664489448071e-05
1.099547976627787360e+00 -5.683110430254600942e-06 6.392334762495011091e-05
1.128869256004528587e+00 -4.309707037464249879e-06 5.555536699830554426e-05
1.158190535381269370e+00 -3.634273980424040928e-06 4.778686343342997134e-05
1.187511814758010598e+00 -1.530022927909158170e-06 4.375942444312386215e-05
1.216833094134751381e+00 -1.084223981706600171e-07 3.996137820649892092e-05
1.246154373511492608e+00 1.770821199897909537e-06 3.696822022902779281e-05
1.275475652888233391e+00 2.788711981338565238e-06 3.508609006530605257e-05
1.304796932264974618e+00 9.708387551654595882e-07 3.472962271189317107e-05
1.334118211641715401e+00 -4.884329314336355310e-07 3.572219429770484567e-05
1.363439491018456629e+00 1.279754400229649036e-07 3.636810288298875093e-05
1.392760770395197412e+00 3.225894488423364237e-06 3.331312473164871335e-05
1.422082049771938639e+00 2.441274546072236262e-06 3.033985012734774500e-05
1.451403329148679422e+00 3.214668367945705540e-06 3.040227238670922816e-05
1.480724608525420649e+00 2.061477289316826500e-06 2.915935874625574797e-05
1.510045887902161432e+00 2.351513103349134326e-06 3.183262379025109112e-05
1.539367167278902659e+00 2.223985120508586988e-06 3.278440999565646052e-05
1.568688446655643443e+00 3.774401193368248641e-06 3.291950997663661838e-05
1.598009726032384670e+00 4.503361196839250624e-06 3.325191937619820237e-05
1.627331005409125453e+00 6.428700771721196361e-07 3.540680336300283670e-05
1.656652284785866680e+00 -2.057564643109799363e-06 3.738021769095212221e-05
1.685973564162607463e+00 -3.559535343811148778e-06 3.400728746782988310e-05
1.715294843539348690e+00 -4.896594873571302742e-06 3.136219675070606172e-05
1.744616122916089473e+00 -8.977621291705872864e-06 3.367747922311536968e-05
1.773937402292830701e+00 -1.197978235722985119e-05 3.700486558955162764e-05
1.803258681669571484e+00 -1.390863235428696498e-05 3.638482667156495154e-05
1.832579961046312711e+00 -6.918926374055445194e-06 3.266374187660403550e-05
1.861901240423053494e+00 4.021637778350850567e-07 2.651961949595715851e-05
1.891222519799794721e+00 5.692446848115650937e-06 2.454762034176383168e-05
1.920543799176535504e+00 6.125612799223745242e-06 2.498076719348318875e-05
1.949865078553276732e+00 4.712765985459554940e-06 2.578031308075878769e-05
1.979186357930017515e+00 5.045567377237603068e-06 2.630937342473771423e-05
2.008507637306758742e+00 7.190908945631235838e-06 2.686470361368265003e-05
2.037828916683499525e+00 8.983222869574092329e-06 2.789735663100145757e-05
2.067150196060240752e+00 1.061439979821443558e-05 2.839488479366991669e-05
2.096471475436981535e+00 1.213449195347493514e-05 2.819960354827344418e-05
2.125792754813722318e+00 1.492386491008801386e-05 2.860994027287233621e-05
2.155114034190463546e+00 1.559042357257567346e-05 2.836537714756559581e-05
2.184435313567204773e+00 1.493132276664255187e-05 2.868197225325275213e-05
2.213756592943945556e+00 1.382655409543076530e-05 2.900402614613994956e-05
2.243077872320686339e+00 1.279854586755391210e-05 2.968894295918289572e-05
2.272399151697427566e+00 1.303581848333124071e-05 2.882092303480021656e-05
2.301720431074168793e+00 1.334329772362252697e-05 2.894209137593861669e-05
2.331041710450909576e+00 1.379098466713912785e-05 2.937979479611385614e-05
2.360362989827650360e+00 1.527223503217101097e-05 2.700124787224922329e-05
2.389684269204391587e+00 1.550999149912968278e-05 2.644117557792924345e-05
2.419005548581132814e+00 1.510462334408657625e-05 2.708375541260465980e-05
2.448326827957873597e+00 1.553599213366396725e-05 2.690052133402787149e-05
2.477648107334614380e+00 1.418095598637592047e-05 2.718069117690902203e-05
2.506969386711355607e+00 1.361950398859335110e-05 2.700257027754560113e-05
2.536290666088096835e+00 1.139995765697676688e-05 2.728342042246367782e-05
2.565611945464837618e+00 1.065673768607666716e-05 2.683126695046667010e-05
2.594933224841578401e+00 7.769886906316969544e-06 2.648235204105731100e-05
2.624254504218319628e+00 4.886039278062526137e-06 2.638071782712358981e-05
2.653575783595060855e+00 3.856439889204921201e-06 2.588463939900975674e-05
2.682897062971801638e+00 5.044961653766222298e-06 2.513307299523148686e-05
2.712218342348542421e+00 5.621951004286529496e-06 2.542009133321698755e-05
2.741539621725283649e+00 5.224702363193500787e-06 2.635000782902352512e-05
2.770860901102024876e+00 4.619373612513300031e-06 2.644103369675576687e-05
2.800182180478765659e+00 4.772819920617621392e-06 2.639816557348240167e-05
2.829503459855506442e+00 4.656395503843668848e-06 2.529470839363057166e-05
2.858824739232247669e+00 4.210337010590592399e-06 2.447564656904432923e-05
2.888146018608988896e+00 2.930053142335964367e-06 2.505436168576125056e-05
2.917467297985729680e+00 3.129087190245627426e-06 2.595527439552824944e-05
2.946788577362470463e+00 2.655043772392673418e-06 2.688415224838536233e-05
2.976109856739211690e+00 3.199915909135597758e-06 2.760462484729941934e-05
3.005431136115952917e+00 3.837550138996448368e-06 2.704121652641333640e-05
3.034752415492693700e+00 3.714411832334008068e-06 2.688968561415094882e-05
3.064073694869434483e+00 3.397217824385734275e-06 2.826855779858306050e-05
3.093394974246175710e+00 4.195102064841194078e-06 2.755952664301730692e-05
3.122716253622916938e+00 5.635044090013252571e-06 2.685192885110154748e-05
3.152037532999657721e+00 6.019590273353969678e-06 2.577943268988747150e-05
3.181358812376398504e+00 5.377974503062432632e-06 2.468474303896073252e-05
3.210680091753139731e+00 4.645141416403930634e-06 2.465515171934384853e-05
3.240001371129880958e+00 2.958807726827217266e-06 2.501138988009188324e-05
3.269322650506621741e+00 1.639495167182758451e-06 2.542003858252428472e-05
3.298643929883362524e+00 3.404074107038468355e-07 2.677099109860137105e-05
3.327965209260103752e+00 -1.207518607770907693e-06 2.750273233687039465e-05
3.357286488636844979e+00 -2.029926463364972733e-06 2.500434857211075723e-05
3.386607768013585762e+00 -3.196682655470794998e-06 2.337299338250886649e-05
3.415929047390326545e+00 -2.317602820767206140e-06 2.413263064227066934e-05
3.445250326767067772e+00 -1.001401983558025677e-06 2.522265458537731320e-05
3.474571606143808999e+00 -4.483681550482288003e-07 2.654724812600761652e-05
3.503892885520549783e+00 3.561818573416530853e-07 2.666383807081729174e-05
3.533214164897290566e+00 -6.075247256376314908e-07 2.559923450462520123e-05
3.562535444274031793e+00 -1.916929051049010013e-07 2.561966721259523183e-05
3.591856723650773020e+00 3.310343643647684075e-08 2.465157558617647737e-05
3.621178003027513803e+00 8.602564207649265882e-07 2.339796083106193691e-05
3.650499282404254586e+00 1.477728801546618342e-06 2.206983663199935108e-05
3.679820561780995813e+00 8.538481779396533966e-07 2.210112688771914691e-05
3.709141841157737041e+00 4.910683628622791730e-07 2.366463922953698784e-05
3.738463120534477824e+00 -6.706215458507358562e-07 2.256470361317042261e-05
3.767784399911218607e+00 -8.298709417431382462e-07 2.285634946019854397e-05
3.797105679287959390e+00 -9.112471275329880882e-07 2.248005148430820554e-05
3.826426958664700617e+00 -6.349351906465017237e-07 2.214866981375962496e-05
3.855748238041441844e+00 -1.065606738848146051e-06 2.224045420007314533e-05
3.885069517418182627e+00 -8.810336566966725513e-07 2.218815643573179841e-05
3.914390796794923411e+00 -3.486935895580245415e-07 2.319159102626144886e-05
3.943712076171664638e+00 -1.125757876252464484e-06 2.416491770418360829e-05
3.973033355548405865e+00 -1.794098238860897254e-07 2.376680640736594796e-05
4.002354634925146648e+00 2.629375046581117203e-07 2.441022115817759186e-05
4.031675914301887431e+00 1.655864707572618499e-06 2.509929799998644739e-05
4.060997193678629102e+00 1.975407258214545436e-06 2.410560227872338146e-05
4.090318473055368997e+00 1.090113187274255324e-06 2.410873639746569097e-05
4.119639752432110669e+00 6.649804618064081296e-07 2.497475543350446969e-05
4.148961031808852340e+00 -3.896325395658095658e-08 2.557324478402733803e-05
4.178282311185592235e+00 7.730358220214839093e-07 2.624988883326295763e-05
4.207603590562333906e+00 1.427021402378159110e-06 2.581037733762059361e-05
4.236924869939074689e+00 1.761198291205801070e-06 2.597758066258393228e-05
4.266246149315815472e+00 2.424482772767078131e-06 2.539223714848048985e-05
4.295567428692557144e+00 1.988365056604379788e-06 2.452040098432917148e-05
4.324888708069297039e+00 7.631671223862213083e-07 2.560154825914651155e-05
4.354209987446038710e+00 -2.075173142657149583e-06 2.579545980552211404e-05
4.383531266822780381e+00 -4.755933787237154320e-06 2.565431168477516621e-05
4.412852546199520276e+00 -5.089053956908173859e-06 2.508591933292336762e-05
4.442173825576261947e+00 -3.597755494411103427e-06 2.334355485800188035e-05
4.471495104953002730e+00 -2.624125727379578166e-06 2.374114774283953011e-05
4.500816384329743514e+00 -1.270987581847293768e-06 2.364031752222217619e-05
4.530137663706485185e+00 4.636510766431456432e-07 2.392034548392985016e-05
4.559458943083225080e+00 1.313408688474737573e-06 2.387550193816423416e-05
4.588780222459966751e+00 2.168414084735559300e-06 2.458265589666552842e-05
4.618101501836708422e+00 1.685044594523787964e-06 2.322262480447534472e-05
4.647422781213448317e+00 1.753534320414473768e-06 2.247466545668430626e-05
4.676744060590189989e+00 1.470807433179288637e-06 2.129924541804939508e-05
4.706065339966930772e+00 1.934320380314602517e-06 2.122972546203527600e-05
4.735386619343671555e+00 1.508789864601567388e-06 2.129587119270581752e-05
4.764707898720413226e+00 4.815697138838004321e-07 2.205788223363924772e-05
4.794029178097153121e+00 5.907032232244091574e-07 2.335104363737627864e-05
4.823350457473894792e+00 4.383820737530186307e-07 2.473080348863732070e-05
4.852671736850636464e+00 1.047525529429549351e-06 2.458811104588676244e-05
4.881993016227376359e+00 6.938066121620067861e-07 2.371684604440815747e-05
4.911314295604118030e+00 -2.197761403976983274e-07 2.339577622478827834e-05
4.940635574980858813e+00 -7.774416417305474170e-07 2.279516047565266490e-05
4.969956854357599596e+00 -9.124154871642531361e-07 2.238693741674069315e-05
